(kicad_pcb (version 20171130) (host pcbnew "(5.0.1-3-g963ef8bb5)")

  (general
    (thickness 1.6)
    (drawings 9)
    (tracks 169)
    (zones 0)
    (modules 28)
    (nets 38)
  )

  (page A4)
  (layers
    (0 F.Cu signal)
    (31 B.Cu signal)
    (32 B.Adhes user)
    (33 F.Adhes user)
    (34 B.Paste user)
    (35 F.Paste user)
    (36 B.SilkS user)
    (37 F.SilkS user)
    (38 B.Mask user)
    (39 F.Mask user)
    (40 Dwgs.User user)
    (41 Cmts.User user)
    (42 Eco1.User user)
    (43 Eco2.User user)
    (44 Edge.Cuts user)
    (45 Margin user)
    (46 B.CrtYd user)
    (47 F.CrtYd user)
    (48 B.Fab user)
    (49 F.Fab user)
  )

  (setup
    (last_trace_width 0.4)
    (user_trace_width 0.1)
    (user_trace_width 0.2)
    (user_trace_width 0.3)
    (user_trace_width 0.4)
    (user_trace_width 0.5)
    (trace_clearance 0.2)
    (zone_clearance 0.508)
    (zone_45_only no)
    (trace_min 0.1)
    (segment_width 0.2)
    (edge_width 0.15)
    (via_size 0.8)
    (via_drill 0.4)
    (via_min_size 0.4)
    (via_min_drill 0.3)
    (uvia_size 0.3)
    (uvia_drill 0.1)
    (uvias_allowed no)
    (uvia_min_size 0.2)
    (uvia_min_drill 0.1)
    (pcb_text_width 0.3)
    (pcb_text_size 1.5 1.5)
    (mod_edge_width 0.15)
    (mod_text_size 1 1)
    (mod_text_width 0.15)
    (pad_size 5.6 5.6)
    (pad_drill 3.2)
    (pad_to_mask_clearance 0.051)
    (solder_mask_min_width 0.25)
    (aux_axis_origin 0 0)
    (visible_elements FFFFFF7F)
    (pcbplotparams
      (layerselection 0x010fc_ffffffff)
      (usegerberextensions false)
      (usegerberattributes false)
      (usegerberadvancedattributes false)
      (creategerberjobfile false)
      (excludeedgelayer true)
      (linewidth 0.100000)
      (plotframeref false)
      (viasonmask false)
      (mode 1)
      (useauxorigin false)
      (hpglpennumber 1)
      (hpglpenspeed 20)
      (hpglpendiameter 15.000000)
      (psnegative false)
      (psa4output false)
      (plotreference true)
      (plotvalue true)
      (plotinvisibletext false)
      (padsonsilk false)
      (subtractmaskfromsilk false)
      (outputformat 1)
      (mirror false)
      (drillshape 1)
      (scaleselection 1)
      (outputdirectory ""))
  )

  (net 0 "")
  (net 1 /SEG_1)
  (net 2 /SEG_2)
  (net 3 /SEG_3)
  (net 4 /SEG_4)
  (net 5 "Net-(BAR1-Pad13)")
  (net 6 "Net-(BAR1-Pad14)")
  (net 7 "Net-(BAR1-Pad15)")
  (net 8 "Net-(BAR1-Pad16)")
  (net 9 /SEG_5)
  (net 10 /SEG_6)
  (net 11 /SEG_7)
  (net 12 /SEG_8)
  (net 13 "Net-(BAR1-Pad12)")
  (net 14 "Net-(BAR1-Pad11)")
  (net 15 /SEG_10)
  (net 16 /SEG_9)
  (net 17 "Net-(BAR1-Pad17)")
  (net 18 "Net-(BAR1-Pad18)")
  (net 19 "Net-(BAR1-Pad19)")
  (net 20 "Net-(BAR1-Pad20)")
  (net 21 +5V)
  (net 22 GND)
  (net 23 "Net-(J3-Pad2)")
  (net 24 "Net-(J3-Pad3)")
  (net 25 /OUTPUT)
  (net 26 "Net-(U1-Pad2)")
  (net 27 "Net-(U1-Pad3)")
  (net 28 "Net-(U1-Pad4)")
  (net 29 "Net-(U1-Pad5)")
  (net 30 "Net-(U1-Pad6)")
  (net 31 "Net-(U1-Pad7)")
  (net 32 "Net-(U1-Pad9)")
  (net 33 /CLOCK)
  (net 34 /LATCH)
  (net 35 /SHIFT_OUT)
  (net 36 /DATA)
  (net 37 "Net-(U3-Pad3)")

  (net_class Default "Dies ist die voreingestellte Netzklasse."
    (clearance 0.2)
    (trace_width 0.25)
    (via_dia 0.8)
    (via_drill 0.4)
    (uvia_dia 0.3)
    (uvia_drill 0.1)
    (add_net +5V)
    (add_net /CLOCK)
    (add_net /DATA)
    (add_net /LATCH)
    (add_net /OUTPUT)
    (add_net /SEG_1)
    (add_net /SEG_10)
    (add_net /SEG_2)
    (add_net /SEG_3)
    (add_net /SEG_4)
    (add_net /SEG_5)
    (add_net /SEG_6)
    (add_net /SEG_7)
    (add_net /SEG_8)
    (add_net /SEG_9)
    (add_net /SHIFT_OUT)
    (add_net GND)
    (add_net "Net-(BAR1-Pad11)")
    (add_net "Net-(BAR1-Pad12)")
    (add_net "Net-(BAR1-Pad13)")
    (add_net "Net-(BAR1-Pad14)")
    (add_net "Net-(BAR1-Pad15)")
    (add_net "Net-(BAR1-Pad16)")
    (add_net "Net-(BAR1-Pad17)")
    (add_net "Net-(BAR1-Pad18)")
    (add_net "Net-(BAR1-Pad19)")
    (add_net "Net-(BAR1-Pad20)")
    (add_net "Net-(J3-Pad2)")
    (add_net "Net-(J3-Pad3)")
    (add_net "Net-(U1-Pad2)")
    (add_net "Net-(U1-Pad3)")
    (add_net "Net-(U1-Pad4)")
    (add_net "Net-(U1-Pad5)")
    (add_net "Net-(U1-Pad6)")
    (add_net "Net-(U1-Pad7)")
    (add_net "Net-(U1-Pad9)")
    (add_net "Net-(U3-Pad3)")
  )

  (module MountingHole:MountingHole_3.2mm_M3_DIN965_Pad (layer F.Cu) (tedit 5C2B4D1A) (tstamp 5C2B4EC3)
    (at 17.065 17.065)
    (descr "Mounting Hole 3.2mm, M3, DIN965")
    (tags "mounting hole 3.2mm m3 din965")
    (attr virtual)
    (fp_text reference REF** (at 0 -3.8) (layer F.SilkS) hide
      (effects (font (size 1 1) (thickness 0.15)))
    )
    (fp_text value MountingHole_3.2mm_M3_DIN965_Pad (at 0 3.8) (layer F.Fab) hide
      (effects (font (size 1 1) (thickness 0.15)))
    )
    (fp_text user %R (at 0.3 0) (layer F.Fab)
      (effects (font (size 1 1) (thickness 0.15)))
    )
    (fp_circle (center 0 0) (end 2.8 0) (layer Cmts.User) (width 0.15))
    (fp_circle (center 0 0) (end 3.05 0) (layer F.CrtYd) (width 0.05))
    (pad 1 thru_hole circle (at -0.08 -0.08) (size 5.6 5.6) (drill 3.2) (layers *.Cu *.Mask))
  )

  (module MountingHole:MountingHole_3.2mm_M3_DIN965_Pad (layer F.Cu) (tedit 5C2B4D5B) (tstamp 5C2B5F20)
    (at 62.357 17.145)
    (descr "Mounting Hole 3.2mm, M3, DIN965")
    (tags "mounting hole 3.2mm m3 din965")
    (attr virtual)
    (fp_text reference REF** (at 0 -3.8) (layer F.SilkS) hide
      (effects (font (size 1 1) (thickness 0.15)))
    )
    (fp_text value MountingHole_3.2mm_M3_DIN965_Pad (at 0 3.8) (layer F.Fab) hide
      (effects (font (size 1 1) (thickness 0.15)))
    )
    (fp_circle (center 0 0) (end 3.05 0) (layer F.CrtYd) (width 0.05))
    (fp_circle (center 0 0) (end 2.8 0) (layer Cmts.User) (width 0.15))
    (fp_text user %R (at 0.3 0) (layer F.Fab)
      (effects (font (size 1 1) (thickness 0.15)))
    )
    (pad 1 thru_hole circle (at -0.292 -0.08) (size 5.6 5.6) (drill 3.2) (layers *.Cu *.Mask))
  )

  (module MountingHole:MountingHole_3.2mm_M3_DIN965_Pad (layer F.Cu) (tedit 5C2B50AD) (tstamp 5C2B4E99)
    (at 61.8998 87.5284)
    (descr "Mounting Hole 3.2mm, M3, DIN965")
    (tags "mounting hole 3.2mm m3 din965")
    (attr virtual)
    (fp_text reference REF** (at 0 -3.8) (layer F.SilkS) hide
      (effects (font (size 1 1) (thickness 0.15)))
    )
    (fp_text value MountingHole_3.2mm_M3_DIN965_Pad (at 0 3.8) (layer F.Fab) hide
      (effects (font (size 1 1) (thickness 0.15)))
    )
    (fp_text user %R (at 0.3 0) (layer F.Fab)
      (effects (font (size 1 1) (thickness 0.15)))
    )
    (fp_circle (center 0 0) (end 2.8 0) (layer Cmts.User) (width 0.15))
    (fp_circle (center 0 0) (end 3.05 0) (layer F.CrtYd) (width 0.05))
    (pad 1 thru_hole circle (at 0.1652 -0.4634) (size 5.6 5.6) (drill 3.2) (layers *.Cu *.Mask))
  )

  (module Display:HDSP-4850 (layer F.Cu) (tedit 5A02FE80) (tstamp 5C2B4E44)
    (at 44.831 26.797)
    (descr "10-Element Green Bar Graph Array https://docs.broadcom.com/docs/AV02-1798EN")
    (tags "10-Element Green Bar Graph Array")
    (path /5C28B4DF)
    (fp_text reference BAR1 (at 0.53 -2.65) (layer F.SilkS)
      (effects (font (size 1 1) (thickness 0.15)))
    )
    (fp_text value DC7G3HWA (at 2.76 25.21) (layer F.Fab)
      (effects (font (size 1 1) (thickness 0.15)))
    )
    (fp_line (start 0 -1.7) (end -1.7 -1.7) (layer F.SilkS) (width 0.12))
    (fp_line (start -1.7 -1.7) (end -1.7 0) (layer F.SilkS) (width 0.12))
    (fp_line (start 0 -1.27) (end -1.27 0) (layer F.Fab) (width 0.1))
    (fp_line (start -1.52 24.38) (end 9.14 24.38) (layer F.CrtYd) (width 0.05))
    (fp_line (start 9.14 24.38) (end 9.14 -1.52) (layer F.CrtYd) (width 0.05))
    (fp_line (start -1.52 -1.52) (end -1.52 24.38) (layer F.CrtYd) (width 0.05))
    (fp_line (start -1.52 -1.52) (end 9.14 -1.52) (layer F.CrtYd) (width 0.05))
    (fp_line (start 8.89 -1.27) (end 8.89 24.13) (layer F.Fab) (width 0.1))
    (fp_line (start -1.27 24.13) (end 8.89 24.13) (layer F.Fab) (width 0.1))
    (fp_line (start -1.27 0) (end -1.27 24.13) (layer F.Fab) (width 0.1))
    (fp_text user %R (at 4 12) (layer F.Fab)
      (effects (font (size 1 1) (thickness 0.1)))
    )
    (fp_line (start 0 -1.27) (end 8.89 -1.27) (layer F.Fab) (width 0.1))
    (fp_line (start 9.03 24.27) (end -1.41 24.27) (layer F.SilkS) (width 0.12))
    (fp_line (start -1.41 24.27) (end -1.41 -1.41) (layer F.SilkS) (width 0.12))
    (fp_line (start -1.41 -1.41) (end 9.03 -1.41) (layer F.SilkS) (width 0.12))
    (fp_line (start 9.03 -1.41) (end 9.03 24.27) (layer F.SilkS) (width 0.12))
    (pad 1 thru_hole rect (at 0 0 270) (size 2.032 2.032) (drill 0.9144) (layers *.Cu *.Mask)
      (net 1 /SEG_1))
    (pad 2 thru_hole circle (at 0 2.54 270) (size 2.032 2.032) (drill 0.9144) (layers *.Cu *.Mask)
      (net 2 /SEG_2))
    (pad 3 thru_hole circle (at 0 5.08 270) (size 2.032 2.032) (drill 0.9144) (layers *.Cu *.Mask)
      (net 3 /SEG_3))
    (pad 4 thru_hole circle (at 0 7.62 270) (size 2.032 2.032) (drill 0.9144) (layers *.Cu *.Mask)
      (net 4 /SEG_4))
    (pad 13 thru_hole circle (at 7.62 17.78 270) (size 2.032 2.032) (drill 0.9144) (layers *.Cu *.Mask)
      (net 5 "Net-(BAR1-Pad13)"))
    (pad 14 thru_hole circle (at 7.62 15.24 270) (size 2.032 2.032) (drill 0.9144) (layers *.Cu *.Mask)
      (net 6 "Net-(BAR1-Pad14)"))
    (pad 15 thru_hole circle (at 7.62 12.7 270) (size 2.032 2.032) (drill 0.9144) (layers *.Cu *.Mask)
      (net 7 "Net-(BAR1-Pad15)"))
    (pad 16 thru_hole circle (at 7.62 10.16 270) (size 2.032 2.032) (drill 0.9144) (layers *.Cu *.Mask)
      (net 8 "Net-(BAR1-Pad16)"))
    (pad 5 thru_hole circle (at 0 10.16 270) (size 2.032 2.032) (drill 0.9144) (layers *.Cu *.Mask)
      (net 9 /SEG_5))
    (pad 6 thru_hole circle (at 0 12.7 270) (size 2.032 2.032) (drill 0.9144) (layers *.Cu *.Mask)
      (net 10 /SEG_6))
    (pad 7 thru_hole circle (at 0 15.24 270) (size 2.032 2.032) (drill 0.9144) (layers *.Cu *.Mask)
      (net 11 /SEG_7))
    (pad 8 thru_hole circle (at 0 17.78 270) (size 2.032 2.032) (drill 0.9144) (layers *.Cu *.Mask)
      (net 12 /SEG_8))
    (pad 12 thru_hole circle (at 7.62 20.32 270) (size 2.032 2.032) (drill 0.9144) (layers *.Cu *.Mask)
      (net 13 "Net-(BAR1-Pad12)"))
    (pad 11 thru_hole circle (at 7.62 22.86 270) (size 2.032 2.032) (drill 0.9144) (layers *.Cu *.Mask)
      (net 14 "Net-(BAR1-Pad11)"))
    (pad 10 thru_hole circle (at 0 22.86 270) (size 2.032 2.032) (drill 0.9144) (layers *.Cu *.Mask)
      (net 15 /SEG_10))
    (pad 9 thru_hole circle (at 0 20.32 270) (size 2.032 2.032) (drill 0.9144) (layers *.Cu *.Mask)
      (net 16 /SEG_9))
    (pad 17 thru_hole circle (at 7.62 7.62 270) (size 2.032 2.032) (drill 0.9144) (layers *.Cu *.Mask)
      (net 17 "Net-(BAR1-Pad17)"))
    (pad 18 thru_hole circle (at 7.62 5.08 270) (size 2.032 2.032) (drill 0.9144) (layers *.Cu *.Mask)
      (net 18 "Net-(BAR1-Pad18)"))
    (pad 19 thru_hole circle (at 7.62 2.54 270) (size 2.032 2.032) (drill 0.9144) (layers *.Cu *.Mask)
      (net 19 "Net-(BAR1-Pad19)"))
    (pad 20 thru_hole circle (at 7.62 0 270) (size 2.032 2.032) (drill 0.9144) (layers *.Cu *.Mask)
      (net 20 "Net-(BAR1-Pad20)"))
    (model ${KISYS3DMOD}/Display.3dshapes/HDSP-4850.wrl
      (at (xyz 0 0 0))
      (scale (xyz 1 1 1))
      (rotate (xyz 0 0 0))
    )
  )

  (module Connector_USB:USB_A_CNCTech_1001-011-01101_Horizontal (layer F.Cu) (tedit 5AFEF547) (tstamp 5C351BA6)
    (at 8.255 29.21 180)
    (descr http://cnctech.us/pdfs/1001-011-01101.pdf)
    (tags USB-A)
    (path /5C2902AB)
    (attr smd)
    (fp_text reference J3 (at -6.9 -8 180) (layer F.SilkS)
      (effects (font (size 1 1) (thickness 0.15)))
    )
    (fp_text value USB_A (at 0 8) (layer F.Fab)
      (effects (font (size 1 1) (thickness 0.15)))
    )
    (fp_line (start -7.9 6.025) (end -7.9 -6.025) (layer F.Fab) (width 0.1))
    (fp_line (start -7.9 -6.025) (end 10.9 -6.025) (layer F.Fab) (width 0.1))
    (fp_line (start -7.9 6.025) (end 10.9 6.025) (layer F.Fab) (width 0.1))
    (fp_line (start 10.9 6.025) (end 10.9 -6.025) (layer F.Fab) (width 0.1))
    (fp_line (start -10.4 3.75) (end -10.4 3.25) (layer F.Fab) (width 0.1))
    (fp_line (start -10.4 3.25) (end -7.9 3.25) (layer F.Fab) (width 0.1))
    (fp_line (start -10.4 3.75) (end -7.9 3.75) (layer F.Fab) (width 0.1))
    (fp_line (start -10.4 0.75) (end -7.9 0.75) (layer F.Fab) (width 0.1))
    (fp_line (start -10.4 1.25) (end -10.4 0.75) (layer F.Fab) (width 0.1))
    (fp_line (start -10.4 1.25) (end -7.9 1.25) (layer F.Fab) (width 0.1))
    (fp_line (start -10.4 -0.75) (end -10.4 -1.25) (layer F.Fab) (width 0.1))
    (fp_line (start -10.4 -0.75) (end -7.9 -0.75) (layer F.Fab) (width 0.1))
    (fp_line (start -10.4 -1.25) (end -7.9 -1.25) (layer F.Fab) (width 0.1))
    (fp_line (start -10.4 -3.75) (end -7.9 -3.75) (layer F.Fab) (width 0.1))
    (fp_line (start -10.4 -3.25) (end -10.4 -3.75) (layer F.Fab) (width 0.1))
    (fp_line (start -10.4 -3.25) (end -7.9 -3.25) (layer F.Fab) (width 0.1))
    (fp_circle (center -6.9 -2.3) (end -6.9 -2.8) (layer F.Fab) (width 0.1))
    (fp_circle (center -6.9 2.3) (end -6.9 2.8) (layer F.Fab) (width 0.1))
    (fp_line (start -8.02 -4.4) (end -8.02 4.4) (layer F.SilkS) (width 0.12))
    (fp_line (start -3.8 6.025) (end -3.8 -6.025) (layer Dwgs.User) (width 0.1))
    (fp_text user "PCB Edge" (at -4.55 -0.05 270) (layer Dwgs.User)
      (effects (font (size 0.6 0.6) (thickness 0.09)))
    )
    (fp_line (start -4.85 -6.145) (end -3.8 -6.145) (layer F.SilkS) (width 0.12))
    (fp_line (start -4.85 6.145) (end -3.8 6.145) (layer F.SilkS) (width 0.12))
    (fp_line (start -11.4 4.55) (end -11.4 -4.55) (layer F.CrtYd) (width 0.05))
    (fp_line (start -11.4 -4.55) (end -9.15 -4.55) (layer F.CrtYd) (width 0.05))
    (fp_line (start -9.15 -7.15) (end -9.15 -4.55) (layer F.CrtYd) (width 0.05))
    (fp_line (start -9.15 -7.15) (end -4.65 -7.15) (layer F.CrtYd) (width 0.05))
    (fp_line (start -4.65 -6.52) (end -4.65 -7.15) (layer F.CrtYd) (width 0.05))
    (fp_line (start -4.65 -6.52) (end 11.4 -6.52) (layer F.CrtYd) (width 0.05))
    (fp_line (start 11.4 6.52) (end 11.4 -6.52) (layer F.CrtYd) (width 0.05))
    (fp_text user %R (at -6 0 270) (layer F.Fab)
      (effects (font (size 1 1) (thickness 0.15)))
    )
    (fp_line (start -4.65 6.52) (end 11.4 6.52) (layer F.CrtYd) (width 0.05))
    (fp_line (start -4.65 7.15) (end -4.65 6.52) (layer F.CrtYd) (width 0.05))
    (fp_line (start -9.15 7.15) (end -4.65 7.15) (layer F.CrtYd) (width 0.05))
    (fp_line (start -9.15 4.55) (end -9.15 7.15) (layer F.CrtYd) (width 0.05))
    (fp_line (start -11.4 4.55) (end -9.15 4.55) (layer F.CrtYd) (width 0.05))
    (pad 2 smd rect (at -9.65 -1 180) (size 2.5 1.1) (layers F.Cu F.Paste F.Mask)
      (net 23 "Net-(J3-Pad2)"))
    (pad 3 smd rect (at -9.65 1 180) (size 2.5 1.1) (layers F.Cu F.Paste F.Mask)
      (net 24 "Net-(J3-Pad3)"))
    (pad 1 smd rect (at -9.65 -3.5 180) (size 2.5 1.1) (layers F.Cu F.Paste F.Mask)
      (net 21 +5V))
    (pad 4 smd rect (at -9.65 3.5 180) (size 2.5 1.1) (layers F.Cu F.Paste F.Mask)
      (net 22 GND))
    (pad 5 thru_hole oval (at -6.9 -5.7 180) (size 3.5 1.9) (drill oval 2.5 0.9) (layers *.Cu *.Mask)
      (net 22 GND))
    (pad 5 thru_hole oval (at -6.9 5.7 180) (size 3.5 1.9) (drill oval 2.5 0.9) (layers *.Cu *.Mask)
      (net 22 GND))
    (pad "" np_thru_hole circle (at -6.9 -2.3 180) (size 1.1 1.1) (drill 1.1) (layers *.Cu *.Mask))
    (pad "" np_thru_hole circle (at -6.9 2.3 180) (size 1.1 1.1) (drill 1.1) (layers *.Cu *.Mask))
    (model ${KISYS3DMOD}/Connector_USB.3dshapes/USB_A_CNCTech_1001-011-01101_Horizontal.wrl
      (at (xyz 0 0 0))
      (scale (xyz 1 1 1))
      (rotate (xyz 0 0 0))
    )
  )

  (module Potentiometer_THT:Potentiometer_Bourns_PTA4543_Single_Slide (layer F.Cu) (tedit 5B92F08E) (tstamp 5C2B4971)
    (at 29.464 81.28 90)
    (descr "Bourns single-gang slide potentiometer, 45.0mm travel, https://www.bourns.com/docs/Product-Datasheets/pta.pdf")
    (tags "Bourns single-gang slide potentiometer 45.0mm")
    (path /5C291515)
    (fp_text reference RV1 (at 29.25 -4 90) (layer F.SilkS)
      (effects (font (size 1 1) (thickness 0.15)))
    )
    (fp_text value R_POT (at 29.25 7.5 90) (layer F.Fab)
      (effects (font (size 1 1) (thickness 0.15)))
    )
    (fp_circle (center 1.25 1.75) (end 2.25 1.75) (layer F.Fab) (width 0.1))
    (fp_circle (center 57.25 1.75) (end 58.25 1.75) (layer F.Fab) (width 0.1))
    (fp_line (start 0.25 -2.75) (end 59.25 -2.75) (layer F.Fab) (width 0.1))
    (fp_line (start 59.25 -2.75) (end 59.25 6.25) (layer F.Fab) (width 0.1))
    (fp_line (start 59.25 6.25) (end -0.75 6.25) (layer F.Fab) (width 0.1))
    (fp_line (start -0.75 6.25) (end -0.75 -1.75) (layer F.Fab) (width 0.1))
    (fp_line (start -0.75 -1.75) (end 0.25 -2.75) (layer F.Fab) (width 0.1))
    (fp_line (start -0.87 -2.87) (end 3.715 -2.87) (layer F.SilkS) (width 0.12))
    (fp_line (start 6.986 -2.87) (end 51.515 -2.87) (layer F.SilkS) (width 0.12))
    (fp_line (start 54.786 -2.87) (end 59.37 -2.87) (layer F.SilkS) (width 0.12))
    (fp_line (start -0.87 6.37) (end 2.515 6.37) (layer F.SilkS) (width 0.12))
    (fp_line (start 5.786 6.37) (end 52.715 6.37) (layer F.SilkS) (width 0.12))
    (fp_line (start 55.986 6.37) (end 59.37 6.37) (layer F.SilkS) (width 0.12))
    (fp_line (start -0.87 -2.87) (end -0.87 -1.175) (layer F.SilkS) (width 0.12))
    (fp_line (start -0.87 1.175) (end -0.87 2.678) (layer F.SilkS) (width 0.12))
    (fp_line (start -0.87 4.323) (end -0.87 6.37) (layer F.SilkS) (width 0.12))
    (fp_line (start 59.37 -2.87) (end 59.37 -0.823) (layer F.SilkS) (width 0.12))
    (fp_line (start 59.37 0.823) (end 59.37 6.37) (layer F.SilkS) (width 0.12))
    (fp_line (start -1.175 0) (end -1.675 -0.5) (layer F.SilkS) (width 0.12))
    (fp_line (start -1.675 -0.5) (end -1.675 0.5) (layer F.SilkS) (width 0.12))
    (fp_line (start -1.675 0.5) (end -1.175 0) (layer F.SilkS) (width 0.12))
    (fp_line (start 6.75 1.75) (end 51.75 1.75) (layer F.SilkS) (width 0.12))
    (fp_line (start 6.75 0.25) (end 6.75 3.25) (layer F.SilkS) (width 0.12))
    (fp_line (start 7.5 1) (end 6.75 1.75) (layer F.SilkS) (width 0.12))
    (fp_line (start 6.75 1.75) (end 7.5 2.5) (layer F.SilkS) (width 0.12))
    (fp_line (start 51.75 0.25) (end 51.75 3.25) (layer F.SilkS) (width 0.12))
    (fp_line (start 51 1) (end 51.75 1.75) (layer F.SilkS) (width 0.12))
    (fp_line (start 51.75 1.75) (end 51 2.5) (layer F.SilkS) (width 0.12))
    (fp_line (start -1.25 -3.25) (end -1.25 6.75) (layer F.CrtYd) (width 0.05))
    (fp_line (start -1.25 6.75) (end 59.75 6.75) (layer F.CrtYd) (width 0.05))
    (fp_line (start 59.75 6.75) (end 59.75 -3.25) (layer F.CrtYd) (width 0.05))
    (fp_line (start 59.75 -3.25) (end -1.25 -3.25) (layer F.CrtYd) (width 0.05))
    (fp_text user %R (at 29.25 1.75 90) (layer F.Fab)
      (effects (font (size 1 1) (thickness 0.15)))
    )
    (pad 1 thru_hole rect (at 0 0 90) (size 1.75 1.75) (drill 1.2) (layers *.Cu *.Mask)
      (net 21 +5V))
    (pad 2 thru_hole circle (at 0 3.5 90) (size 1.75 1.75) (drill 1.2) (layers *.Cu *.Mask)
      (net 25 /OUTPUT))
    (pad 3 thru_hole circle (at 58.5 0 90) (size 1.75 1.75) (drill 1.2) (layers *.Cu *.Mask)
      (net 22 GND))
    (pad MP thru_hole circle (at 5.35 -2.45 90) (size 2.7 2.7) (drill 1.7) (layers *.Cu *.Mask))
    (pad MP thru_hole circle (at 53.15 -2.45 90) (size 2.7 2.7) (drill 1.7) (layers *.Cu *.Mask))
    (pad MP thru_hole circle (at 4.15 5.95 90) (size 2.7 2.7) (drill 1.7) (layers *.Cu *.Mask))
    (pad MP thru_hole circle (at 54.35 5.95 90) (size 2.7 2.7) (drill 1.7) (layers *.Cu *.Mask))
    (model ${KISYS3DMOD}/Potentiometer_THT.3dshapes/Potentiometer_Bourns_PTA4543_Single_Slide.wrl
      (at (xyz 0 0 0))
      (scale (xyz 1 1 1))
      (rotate (xyz 0 0 0))
    )
  )

  (module Package_DIP:DIP-8_W7.62mm (layer F.Cu) (tedit 5A02E8C5) (tstamp 5C2B485F)
    (at 44.958 85.979 90)
    (descr "8-lead though-hole mounted DIP package, row spacing 7.62 mm (300 mils)")
    (tags "THT DIP DIL PDIP 2.54mm 7.62mm 300mil")
    (path /5C27EF1A)
    (fp_text reference U3 (at 3.81 -2.33 90) (layer F.SilkS)
      (effects (font (size 1 1) (thickness 0.15)))
    )
    (fp_text value ATtiny85-20PU (at 3.81 9.95 90) (layer F.Fab)
      (effects (font (size 1 1) (thickness 0.15)))
    )
    (fp_arc (start 3.81 -1.33) (end 2.81 -1.33) (angle -180) (layer F.SilkS) (width 0.12))
    (fp_line (start 1.635 -1.27) (end 6.985 -1.27) (layer F.Fab) (width 0.1))
    (fp_line (start 6.985 -1.27) (end 6.985 8.89) (layer F.Fab) (width 0.1))
    (fp_line (start 6.985 8.89) (end 0.635 8.89) (layer F.Fab) (width 0.1))
    (fp_line (start 0.635 8.89) (end 0.635 -0.27) (layer F.Fab) (width 0.1))
    (fp_line (start 0.635 -0.27) (end 1.635 -1.27) (layer F.Fab) (width 0.1))
    (fp_line (start 2.81 -1.33) (end 1.16 -1.33) (layer F.SilkS) (width 0.12))
    (fp_line (start 1.16 -1.33) (end 1.16 8.95) (layer F.SilkS) (width 0.12))
    (fp_line (start 1.16 8.95) (end 6.46 8.95) (layer F.SilkS) (width 0.12))
    (fp_line (start 6.46 8.95) (end 6.46 -1.33) (layer F.SilkS) (width 0.12))
    (fp_line (start 6.46 -1.33) (end 4.81 -1.33) (layer F.SilkS) (width 0.12))
    (fp_line (start -1.1 -1.55) (end -1.1 9.15) (layer F.CrtYd) (width 0.05))
    (fp_line (start -1.1 9.15) (end 8.7 9.15) (layer F.CrtYd) (width 0.05))
    (fp_line (start 8.7 9.15) (end 8.7 -1.55) (layer F.CrtYd) (width 0.05))
    (fp_line (start 8.7 -1.55) (end -1.1 -1.55) (layer F.CrtYd) (width 0.05))
    (fp_text user %R (at 3.81 3.81 90) (layer F.Fab)
      (effects (font (size 1 1) (thickness 0.15)))
    )
    (pad 1 thru_hole rect (at 0 0 90) (size 1.6 1.6) (drill 0.8) (layers *.Cu *.Mask)
      (net 21 +5V))
    (pad 5 thru_hole oval (at 7.62 7.62 90) (size 1.6 1.6) (drill 0.8) (layers *.Cu *.Mask)
      (net 34 /LATCH))
    (pad 2 thru_hole oval (at 0 2.54 90) (size 1.6 1.6) (drill 0.8) (layers *.Cu *.Mask)
      (net 25 /OUTPUT))
    (pad 6 thru_hole oval (at 7.62 5.08 90) (size 1.6 1.6) (drill 0.8) (layers *.Cu *.Mask)
      (net 33 /CLOCK))
    (pad 3 thru_hole oval (at 0 5.08 90) (size 1.6 1.6) (drill 0.8) (layers *.Cu *.Mask)
      (net 37 "Net-(U3-Pad3)"))
    (pad 7 thru_hole oval (at 7.62 2.54 90) (size 1.6 1.6) (drill 0.8) (layers *.Cu *.Mask)
      (net 36 /DATA))
    (pad 4 thru_hole oval (at 0 7.62 90) (size 1.6 1.6) (drill 0.8) (layers *.Cu *.Mask)
      (net 22 GND))
    (pad 8 thru_hole oval (at 7.62 0 90) (size 1.6 1.6) (drill 0.8) (layers *.Cu *.Mask)
      (net 21 +5V))
    (model ${KISYS3DMOD}/Package_DIP.3dshapes/DIP-8_W7.62mm.wrl
      (at (xyz 0 0 0))
      (scale (xyz 1 1 1))
      (rotate (xyz 0 0 0))
    )
  )

  (module Capacitor_SMD:C_0805_2012Metric_Pad1.15x1.40mm_HandSolder (layer F.Cu) (tedit 5B36C52B) (tstamp 5C2B4D37)
    (at 56.896 72.644)
    (descr "Capacitor SMD 0805 (2012 Metric), square (rectangular) end terminal, IPC_7351 nominal with elongated pad for handsoldering. (Body size source: https://docs.google.com/spreadsheets/d/1BsfQQcO9C6DZCsRaXUlFlo91Tg2WpOkGARC1WS5S8t0/edit?usp=sharing), generated with kicad-footprint-generator")
    (tags "capacitor handsolder")
    (path /5C2996F4)
    (attr smd)
    (fp_text reference C1 (at 0 -1.65) (layer F.SilkS)
      (effects (font (size 1 1) (thickness 0.15)))
    )
    (fp_text value 100µ (at 0 1.65) (layer F.Fab)
      (effects (font (size 1 1) (thickness 0.15)))
    )
    (fp_line (start -1 0.6) (end -1 -0.6) (layer F.Fab) (width 0.1))
    (fp_line (start -1 -0.6) (end 1 -0.6) (layer F.Fab) (width 0.1))
    (fp_line (start 1 -0.6) (end 1 0.6) (layer F.Fab) (width 0.1))
    (fp_line (start 1 0.6) (end -1 0.6) (layer F.Fab) (width 0.1))
    (fp_line (start -0.261252 -0.71) (end 0.261252 -0.71) (layer F.SilkS) (width 0.12))
    (fp_line (start -0.261252 0.71) (end 0.261252 0.71) (layer F.SilkS) (width 0.12))
    (fp_line (start -1.85 0.95) (end -1.85 -0.95) (layer F.CrtYd) (width 0.05))
    (fp_line (start -1.85 -0.95) (end 1.85 -0.95) (layer F.CrtYd) (width 0.05))
    (fp_line (start 1.85 -0.95) (end 1.85 0.95) (layer F.CrtYd) (width 0.05))
    (fp_line (start 1.85 0.95) (end -1.85 0.95) (layer F.CrtYd) (width 0.05))
    (fp_text user %R (at 0 0) (layer F.Fab)
      (effects (font (size 0.5 0.5) (thickness 0.08)))
    )
    (pad 1 smd roundrect (at -1.025 0) (size 1.15 1.4) (layers F.Cu F.Paste F.Mask) (roundrect_rratio 0.217391)
      (net 21 +5V))
    (pad 2 smd roundrect (at 1.025 0) (size 1.15 1.4) (layers F.Cu F.Paste F.Mask) (roundrect_rratio 0.217391)
      (net 22 GND))
    (model ${KISYS3DMOD}/Capacitor_SMD.3dshapes/C_0805_2012Metric.wrl
      (at (xyz 0 0 0))
      (scale (xyz 1 1 1))
      (rotate (xyz 0 0 0))
    )
  )

  (module Capacitor_SMD:C_0805_2012Metric_Pad1.15x1.40mm_HandSolder (layer F.Cu) (tedit 5B36C52B) (tstamp 5C2B4D07)
    (at 56.896 61.468)
    (descr "Capacitor SMD 0805 (2012 Metric), square (rectangular) end terminal, IPC_7351 nominal with elongated pad for handsoldering. (Body size source: https://docs.google.com/spreadsheets/d/1BsfQQcO9C6DZCsRaXUlFlo91Tg2WpOkGARC1WS5S8t0/edit?usp=sharing), generated with kicad-footprint-generator")
    (tags "capacitor handsolder")
    (path /5C29B98F)
    (attr smd)
    (fp_text reference C2 (at 0 -1.65) (layer F.SilkS)
      (effects (font (size 1 1) (thickness 0.15)))
    )
    (fp_text value 100µ (at 0 1.65) (layer F.Fab)
      (effects (font (size 1 1) (thickness 0.15)))
    )
    (fp_line (start -1 0.6) (end -1 -0.6) (layer F.Fab) (width 0.1))
    (fp_line (start -1 -0.6) (end 1 -0.6) (layer F.Fab) (width 0.1))
    (fp_line (start 1 -0.6) (end 1 0.6) (layer F.Fab) (width 0.1))
    (fp_line (start 1 0.6) (end -1 0.6) (layer F.Fab) (width 0.1))
    (fp_line (start -0.261252 -0.71) (end 0.261252 -0.71) (layer F.SilkS) (width 0.12))
    (fp_line (start -0.261252 0.71) (end 0.261252 0.71) (layer F.SilkS) (width 0.12))
    (fp_line (start -1.85 0.95) (end -1.85 -0.95) (layer F.CrtYd) (width 0.05))
    (fp_line (start -1.85 -0.95) (end 1.85 -0.95) (layer F.CrtYd) (width 0.05))
    (fp_line (start 1.85 -0.95) (end 1.85 0.95) (layer F.CrtYd) (width 0.05))
    (fp_line (start 1.85 0.95) (end -1.85 0.95) (layer F.CrtYd) (width 0.05))
    (fp_text user %R (at 0 0) (layer F.Fab)
      (effects (font (size 0.5 0.5) (thickness 0.08)))
    )
    (pad 1 smd roundrect (at -1.025 0) (size 1.15 1.4) (layers F.Cu F.Paste F.Mask) (roundrect_rratio 0.217391)
      (net 21 +5V))
    (pad 2 smd roundrect (at 1.025 0) (size 1.15 1.4) (layers F.Cu F.Paste F.Mask) (roundrect_rratio 0.217391)
      (net 22 GND))
    (model ${KISYS3DMOD}/Capacitor_SMD.3dshapes/C_0805_2012Metric.wrl
      (at (xyz 0 0 0))
      (scale (xyz 1 1 1))
      (rotate (xyz 0 0 0))
    )
  )

  (module Capacitor_SMD:C_0805_2012Metric_Pad1.15x1.40mm_HandSolder (layer F.Cu) (tedit 5B36C52B) (tstamp 5C2B4CD7)
    (at 46.0285 89.027)
    (descr "Capacitor SMD 0805 (2012 Metric), square (rectangular) end terminal, IPC_7351 nominal with elongated pad for handsoldering. (Body size source: https://docs.google.com/spreadsheets/d/1BsfQQcO9C6DZCsRaXUlFlo91Tg2WpOkGARC1WS5S8t0/edit?usp=sharing), generated with kicad-footprint-generator")
    (tags "capacitor handsolder")
    (path /5C29B5D6)
    (attr smd)
    (fp_text reference C3 (at 0 -1.65) (layer F.SilkS)
      (effects (font (size 1 1) (thickness 0.15)))
    )
    (fp_text value 100µ (at 0 1.65) (layer F.Fab)
      (effects (font (size 1 1) (thickness 0.15)))
    )
    (fp_text user %R (at 0 0) (layer F.Fab)
      (effects (font (size 0.5 0.5) (thickness 0.08)))
    )
    (fp_line (start 1.85 0.95) (end -1.85 0.95) (layer F.CrtYd) (width 0.05))
    (fp_line (start 1.85 -0.95) (end 1.85 0.95) (layer F.CrtYd) (width 0.05))
    (fp_line (start -1.85 -0.95) (end 1.85 -0.95) (layer F.CrtYd) (width 0.05))
    (fp_line (start -1.85 0.95) (end -1.85 -0.95) (layer F.CrtYd) (width 0.05))
    (fp_line (start -0.261252 0.71) (end 0.261252 0.71) (layer F.SilkS) (width 0.12))
    (fp_line (start -0.261252 -0.71) (end 0.261252 -0.71) (layer F.SilkS) (width 0.12))
    (fp_line (start 1 0.6) (end -1 0.6) (layer F.Fab) (width 0.1))
    (fp_line (start 1 -0.6) (end 1 0.6) (layer F.Fab) (width 0.1))
    (fp_line (start -1 -0.6) (end 1 -0.6) (layer F.Fab) (width 0.1))
    (fp_line (start -1 0.6) (end -1 -0.6) (layer F.Fab) (width 0.1))
    (pad 2 smd roundrect (at 1.025 0) (size 1.15 1.4) (layers F.Cu F.Paste F.Mask) (roundrect_rratio 0.217391)
      (net 22 GND))
    (pad 1 smd roundrect (at -1.025 0) (size 1.15 1.4) (layers F.Cu F.Paste F.Mask) (roundrect_rratio 0.217391)
      (net 21 +5V))
    (model ${KISYS3DMOD}/Capacitor_SMD.3dshapes/C_0805_2012Metric.wrl
      (at (xyz 0 0 0))
      (scale (xyz 1 1 1))
      (rotate (xyz 0 0 0))
    )
  )

  (module Resistor_SMD:R_0805_2012Metric_Pad1.15x1.40mm_HandSolder (layer F.Cu) (tedit 5B36C52B) (tstamp 5C2B4C1D)
    (at 57.4945 26.797)
    (descr "Resistor SMD 0805 (2012 Metric), square (rectangular) end terminal, IPC_7351 nominal with elongated pad for handsoldering. (Body size source: https://docs.google.com/spreadsheets/d/1BsfQQcO9C6DZCsRaXUlFlo91Tg2WpOkGARC1WS5S8t0/edit?usp=sharing), generated with kicad-footprint-generator")
    (tags "resistor handsolder")
    (path /5C28B9D8)
    (attr smd)
    (fp_text reference R1 (at 0 -1.65) (layer F.SilkS)
      (effects (font (size 1 1) (thickness 0.15)))
    )
    (fp_text value 100 (at 0 1.65) (layer F.Fab)
      (effects (font (size 1 1) (thickness 0.15)))
    )
    (fp_line (start -1 0.6) (end -1 -0.6) (layer F.Fab) (width 0.1))
    (fp_line (start -1 -0.6) (end 1 -0.6) (layer F.Fab) (width 0.1))
    (fp_line (start 1 -0.6) (end 1 0.6) (layer F.Fab) (width 0.1))
    (fp_line (start 1 0.6) (end -1 0.6) (layer F.Fab) (width 0.1))
    (fp_line (start -0.261252 -0.71) (end 0.261252 -0.71) (layer F.SilkS) (width 0.12))
    (fp_line (start -0.261252 0.71) (end 0.261252 0.71) (layer F.SilkS) (width 0.12))
    (fp_line (start -1.85 0.95) (end -1.85 -0.95) (layer F.CrtYd) (width 0.05))
    (fp_line (start -1.85 -0.95) (end 1.85 -0.95) (layer F.CrtYd) (width 0.05))
    (fp_line (start 1.85 -0.95) (end 1.85 0.95) (layer F.CrtYd) (width 0.05))
    (fp_line (start 1.85 0.95) (end -1.85 0.95) (layer F.CrtYd) (width 0.05))
    (fp_text user %R (at 0 0) (layer F.Fab)
      (effects (font (size 0.5 0.5) (thickness 0.08)))
    )
    (pad 1 smd roundrect (at -1.025 0) (size 1.15 1.4) (layers F.Cu F.Paste F.Mask) (roundrect_rratio 0.217391)
      (net 20 "Net-(BAR1-Pad20)"))
    (pad 2 smd roundrect (at 1.025 0) (size 1.15 1.4) (layers F.Cu F.Paste F.Mask) (roundrect_rratio 0.217391)
      (net 22 GND))
    (model ${KISYS3DMOD}/Resistor_SMD.3dshapes/R_0805_2012Metric.wrl
      (at (xyz 0 0 0))
      (scale (xyz 1 1 1))
      (rotate (xyz 0 0 0))
    )
  )

  (module Resistor_SMD:R_0805_2012Metric_Pad1.15x1.40mm_HandSolder (layer F.Cu) (tedit 5B36C52B) (tstamp 5C2B4BED)
    (at 57.4945 29.337)
    (descr "Resistor SMD 0805 (2012 Metric), square (rectangular) end terminal, IPC_7351 nominal with elongated pad for handsoldering. (Body size source: https://docs.google.com/spreadsheets/d/1BsfQQcO9C6DZCsRaXUlFlo91Tg2WpOkGARC1WS5S8t0/edit?usp=sharing), generated with kicad-footprint-generator")
    (tags "resistor handsolder")
    (path /5C28BBA9)
    (attr smd)
    (fp_text reference R2 (at 0 -1.65) (layer F.SilkS)
      (effects (font (size 1 1) (thickness 0.15)))
    )
    (fp_text value 100 (at 0 1.65) (layer F.Fab)
      (effects (font (size 1 1) (thickness 0.15)))
    )
    (fp_text user %R (at 0 0) (layer F.Fab)
      (effects (font (size 0.5 0.5) (thickness 0.08)))
    )
    (fp_line (start 1.85 0.95) (end -1.85 0.95) (layer F.CrtYd) (width 0.05))
    (fp_line (start 1.85 -0.95) (end 1.85 0.95) (layer F.CrtYd) (width 0.05))
    (fp_line (start -1.85 -0.95) (end 1.85 -0.95) (layer F.CrtYd) (width 0.05))
    (fp_line (start -1.85 0.95) (end -1.85 -0.95) (layer F.CrtYd) (width 0.05))
    (fp_line (start -0.261252 0.71) (end 0.261252 0.71) (layer F.SilkS) (width 0.12))
    (fp_line (start -0.261252 -0.71) (end 0.261252 -0.71) (layer F.SilkS) (width 0.12))
    (fp_line (start 1 0.6) (end -1 0.6) (layer F.Fab) (width 0.1))
    (fp_line (start 1 -0.6) (end 1 0.6) (layer F.Fab) (width 0.1))
    (fp_line (start -1 -0.6) (end 1 -0.6) (layer F.Fab) (width 0.1))
    (fp_line (start -1 0.6) (end -1 -0.6) (layer F.Fab) (width 0.1))
    (pad 2 smd roundrect (at 1.025 0) (size 1.15 1.4) (layers F.Cu F.Paste F.Mask) (roundrect_rratio 0.217391)
      (net 22 GND))
    (pad 1 smd roundrect (at -1.025 0) (size 1.15 1.4) (layers F.Cu F.Paste F.Mask) (roundrect_rratio 0.217391)
      (net 19 "Net-(BAR1-Pad19)"))
    (model ${KISYS3DMOD}/Resistor_SMD.3dshapes/R_0805_2012Metric.wrl
      (at (xyz 0 0 0))
      (scale (xyz 1 1 1))
      (rotate (xyz 0 0 0))
    )
  )

  (module Resistor_SMD:R_0805_2012Metric_Pad1.15x1.40mm_HandSolder (layer F.Cu) (tedit 5B36C52B) (tstamp 5C2B4BBD)
    (at 57.4945 31.877)
    (descr "Resistor SMD 0805 (2012 Metric), square (rectangular) end terminal, IPC_7351 nominal with elongated pad for handsoldering. (Body size source: https://docs.google.com/spreadsheets/d/1BsfQQcO9C6DZCsRaXUlFlo91Tg2WpOkGARC1WS5S8t0/edit?usp=sharing), generated with kicad-footprint-generator")
    (tags "resistor handsolder")
    (path /5C28BC01)
    (attr smd)
    (fp_text reference R3 (at 0 -1.65) (layer F.SilkS)
      (effects (font (size 1 1) (thickness 0.15)))
    )
    (fp_text value 100 (at 0 1.65) (layer F.Fab)
      (effects (font (size 1 1) (thickness 0.15)))
    )
    (fp_line (start -1 0.6) (end -1 -0.6) (layer F.Fab) (width 0.1))
    (fp_line (start -1 -0.6) (end 1 -0.6) (layer F.Fab) (width 0.1))
    (fp_line (start 1 -0.6) (end 1 0.6) (layer F.Fab) (width 0.1))
    (fp_line (start 1 0.6) (end -1 0.6) (layer F.Fab) (width 0.1))
    (fp_line (start -0.261252 -0.71) (end 0.261252 -0.71) (layer F.SilkS) (width 0.12))
    (fp_line (start -0.261252 0.71) (end 0.261252 0.71) (layer F.SilkS) (width 0.12))
    (fp_line (start -1.85 0.95) (end -1.85 -0.95) (layer F.CrtYd) (width 0.05))
    (fp_line (start -1.85 -0.95) (end 1.85 -0.95) (layer F.CrtYd) (width 0.05))
    (fp_line (start 1.85 -0.95) (end 1.85 0.95) (layer F.CrtYd) (width 0.05))
    (fp_line (start 1.85 0.95) (end -1.85 0.95) (layer F.CrtYd) (width 0.05))
    (fp_text user %R (at 0 0) (layer F.Fab)
      (effects (font (size 0.5 0.5) (thickness 0.08)))
    )
    (pad 1 smd roundrect (at -1.025 0) (size 1.15 1.4) (layers F.Cu F.Paste F.Mask) (roundrect_rratio 0.217391)
      (net 18 "Net-(BAR1-Pad18)"))
    (pad 2 smd roundrect (at 1.025 0) (size 1.15 1.4) (layers F.Cu F.Paste F.Mask) (roundrect_rratio 0.217391)
      (net 22 GND))
    (model ${KISYS3DMOD}/Resistor_SMD.3dshapes/R_0805_2012Metric.wrl
      (at (xyz 0 0 0))
      (scale (xyz 1 1 1))
      (rotate (xyz 0 0 0))
    )
  )

  (module Resistor_SMD:R_0805_2012Metric_Pad1.15x1.40mm_HandSolder (layer F.Cu) (tedit 5B36C52B) (tstamp 5C2B4B8D)
    (at 57.4945 34.417)
    (descr "Resistor SMD 0805 (2012 Metric), square (rectangular) end terminal, IPC_7351 nominal with elongated pad for handsoldering. (Body size source: https://docs.google.com/spreadsheets/d/1BsfQQcO9C6DZCsRaXUlFlo91Tg2WpOkGARC1WS5S8t0/edit?usp=sharing), generated with kicad-footprint-generator")
    (tags "resistor handsolder")
    (path /5C28BC97)
    (attr smd)
    (fp_text reference R4 (at 0 -1.65) (layer F.SilkS)
      (effects (font (size 1 1) (thickness 0.15)))
    )
    (fp_text value 100 (at 0 1.65) (layer F.Fab)
      (effects (font (size 1 1) (thickness 0.15)))
    )
    (fp_text user %R (at 0 0) (layer F.Fab)
      (effects (font (size 0.5 0.5) (thickness 0.08)))
    )
    (fp_line (start 1.85 0.95) (end -1.85 0.95) (layer F.CrtYd) (width 0.05))
    (fp_line (start 1.85 -0.95) (end 1.85 0.95) (layer F.CrtYd) (width 0.05))
    (fp_line (start -1.85 -0.95) (end 1.85 -0.95) (layer F.CrtYd) (width 0.05))
    (fp_line (start -1.85 0.95) (end -1.85 -0.95) (layer F.CrtYd) (width 0.05))
    (fp_line (start -0.261252 0.71) (end 0.261252 0.71) (layer F.SilkS) (width 0.12))
    (fp_line (start -0.261252 -0.71) (end 0.261252 -0.71) (layer F.SilkS) (width 0.12))
    (fp_line (start 1 0.6) (end -1 0.6) (layer F.Fab) (width 0.1))
    (fp_line (start 1 -0.6) (end 1 0.6) (layer F.Fab) (width 0.1))
    (fp_line (start -1 -0.6) (end 1 -0.6) (layer F.Fab) (width 0.1))
    (fp_line (start -1 0.6) (end -1 -0.6) (layer F.Fab) (width 0.1))
    (pad 2 smd roundrect (at 1.025 0) (size 1.15 1.4) (layers F.Cu F.Paste F.Mask) (roundrect_rratio 0.217391)
      (net 22 GND))
    (pad 1 smd roundrect (at -1.025 0) (size 1.15 1.4) (layers F.Cu F.Paste F.Mask) (roundrect_rratio 0.217391)
      (net 17 "Net-(BAR1-Pad17)"))
    (model ${KISYS3DMOD}/Resistor_SMD.3dshapes/R_0805_2012Metric.wrl
      (at (xyz 0 0 0))
      (scale (xyz 1 1 1))
      (rotate (xyz 0 0 0))
    )
  )

  (module Resistor_SMD:R_0805_2012Metric_Pad1.15x1.40mm_HandSolder (layer F.Cu) (tedit 5B36C52B) (tstamp 5C2B4B5D)
    (at 57.4945 36.957)
    (descr "Resistor SMD 0805 (2012 Metric), square (rectangular) end terminal, IPC_7351 nominal with elongated pad for handsoldering. (Body size source: https://docs.google.com/spreadsheets/d/1BsfQQcO9C6DZCsRaXUlFlo91Tg2WpOkGARC1WS5S8t0/edit?usp=sharing), generated with kicad-footprint-generator")
    (tags "resistor handsolder")
    (path /5C28BD3F)
    (attr smd)
    (fp_text reference R5 (at 0 -1.65) (layer F.SilkS)
      (effects (font (size 1 1) (thickness 0.15)))
    )
    (fp_text value 100 (at 0 1.65) (layer F.Fab)
      (effects (font (size 1 1) (thickness 0.15)))
    )
    (fp_line (start -1 0.6) (end -1 -0.6) (layer F.Fab) (width 0.1))
    (fp_line (start -1 -0.6) (end 1 -0.6) (layer F.Fab) (width 0.1))
    (fp_line (start 1 -0.6) (end 1 0.6) (layer F.Fab) (width 0.1))
    (fp_line (start 1 0.6) (end -1 0.6) (layer F.Fab) (width 0.1))
    (fp_line (start -0.261252 -0.71) (end 0.261252 -0.71) (layer F.SilkS) (width 0.12))
    (fp_line (start -0.261252 0.71) (end 0.261252 0.71) (layer F.SilkS) (width 0.12))
    (fp_line (start -1.85 0.95) (end -1.85 -0.95) (layer F.CrtYd) (width 0.05))
    (fp_line (start -1.85 -0.95) (end 1.85 -0.95) (layer F.CrtYd) (width 0.05))
    (fp_line (start 1.85 -0.95) (end 1.85 0.95) (layer F.CrtYd) (width 0.05))
    (fp_line (start 1.85 0.95) (end -1.85 0.95) (layer F.CrtYd) (width 0.05))
    (fp_text user %R (at 0 0) (layer F.Fab)
      (effects (font (size 0.5 0.5) (thickness 0.08)))
    )
    (pad 1 smd roundrect (at -1.025 0) (size 1.15 1.4) (layers F.Cu F.Paste F.Mask) (roundrect_rratio 0.217391)
      (net 8 "Net-(BAR1-Pad16)"))
    (pad 2 smd roundrect (at 1.025 0) (size 1.15 1.4) (layers F.Cu F.Paste F.Mask) (roundrect_rratio 0.217391)
      (net 22 GND))
    (model ${KISYS3DMOD}/Resistor_SMD.3dshapes/R_0805_2012Metric.wrl
      (at (xyz 0 0 0))
      (scale (xyz 1 1 1))
      (rotate (xyz 0 0 0))
    )
  )

  (module Resistor_SMD:R_0805_2012Metric_Pad1.15x1.40mm_HandSolder (layer F.Cu) (tedit 5B36C52B) (tstamp 5C2B4B2D)
    (at 57.4945 39.497)
    (descr "Resistor SMD 0805 (2012 Metric), square (rectangular) end terminal, IPC_7351 nominal with elongated pad for handsoldering. (Body size source: https://docs.google.com/spreadsheets/d/1BsfQQcO9C6DZCsRaXUlFlo91Tg2WpOkGARC1WS5S8t0/edit?usp=sharing), generated with kicad-footprint-generator")
    (tags "resistor handsolder")
    (path /5C28BDC9)
    (attr smd)
    (fp_text reference R6 (at 0 -1.65) (layer F.SilkS)
      (effects (font (size 1 1) (thickness 0.15)))
    )
    (fp_text value 100 (at 0 1.65) (layer F.Fab)
      (effects (font (size 1 1) (thickness 0.15)))
    )
    (fp_text user %R (at 0 0) (layer F.Fab)
      (effects (font (size 0.5 0.5) (thickness 0.08)))
    )
    (fp_line (start 1.85 0.95) (end -1.85 0.95) (layer F.CrtYd) (width 0.05))
    (fp_line (start 1.85 -0.95) (end 1.85 0.95) (layer F.CrtYd) (width 0.05))
    (fp_line (start -1.85 -0.95) (end 1.85 -0.95) (layer F.CrtYd) (width 0.05))
    (fp_line (start -1.85 0.95) (end -1.85 -0.95) (layer F.CrtYd) (width 0.05))
